[gd_scene load_steps=8 format=3 uid="uid://dshn15ex72001"]

[sub_resource type="CapsuleShape3D" id="1"]

[sub_resource type="BoxShape3D" id="2"]
size = Vector3(1.58989, 0.988224, 2)

[sub_resource type="BoxShape3D" id="3"]
size = Vector3(2.19562, 2, 2)

[sub_resource type="BoxShape3D" id="4"]
size = Vector3(2.71792, 1.84354, 2)

[sub_resource type="BoxShape3D" id="5"]
size = Vector3(2.17678, 5.35324, 2.52728)

[sub_resource type="BoxShape3D" id="6"]
size = Vector3(3.0583, 1.84354, 2)

[sub_resource type="BoxShape3D" id="7"]

[node name="characterTemplate" type="CharacterBody3D" groups=["OtherPlayers"]]
transform = Transform3D(0.5, 0, 0, 0, 0.5, 0, 0, 0, 0.5, 0, 0, 0)

[node name="rig" type="Node3D" parent="."]

[node name="headBone" type="BoneAttachment3D" parent="rig"]
transform = Transform3D(0.999999, -7.66013e-08, 2.47386e-07, -6.28644e-08, 1, 5.36442e-07, -2.43196e-07, -1.78814e-07, 1, -0.0595909, 23.248, -0.0203964)
bone_name = "head"

[node name="headHitBox" type="Area3D" parent="rig/headBone"]

[node name="CollisionShape3D" type="CollisionShape3D" parent="rig/headBone/headHitBox"]
transform = Transform3D(4.031, 1.51244e-13, 4.54747e-13, 2.13247e-13, 4.704, 0, 0, -2.27374e-13, 3.379, 7.45058e-08, 2.71409, 0.540985)
shape = SubResource("1")

[node name="torsoBone" type="BoneAttachment3D" parent="rig"]
transform = Transform3D(1, 0, 0, 0, 0, 1, 0, -1, 0, -0.0130465, 13.9946, 0.243161)
bone_name = "torso"

[node name="torsoHitBox" type="Area3D" parent="rig/torsoBone"]

[node name="CollisionShape3D" type="CollisionShape3D" parent="rig/torsoBone/torsoHitBox"]
transform = Transform3D(4.70111, -7.45058e-09, 0, 2.98023e-08, 0.0647924, -2.12303, -9.31323e-09, 10.6985, 0.0128576, 0.0221516, -0.1969, 2.05852)
shape = SubResource("2")

[node name="leftHandBone" type="BoneAttachment3D" parent="rig"]
transform = Transform3D(0.242427, -0.155278, -0.958894, -0.479066, -0.869997, 0.0129458, -0.849034, 0.460409, -0.280767, 5.3409, 11.112, 3.26375)
bone_name = "palm_l"

[node name="Area3D" type="Area3D" parent="rig/leftHandBone"]

[node name="CollisionShape3D" type="CollisionShape3D" parent="rig/leftHandBone/Area3D"]
transform = Transform3D(0.975405, -0.2576, -0.155049, 0.225676, 1.23523, 0.176952, 0.104, -0.279774, 0.974388, -0.670558, 0.52311, 0.551992)
shape = SubResource("3")

[node name="rightHandBone" type="BoneAttachment3D" parent="rig"]
transform = Transform3D(0.242427, 0.155278, 0.958894, 0.479065, -0.869996, 0.0129454, 0.849033, 0.460409, -0.280768, -5.3409, 11.112, 3.26375)
bone_name = "palm_r"

[node name="Area3D" type="Area3D" parent="rig/rightHandBone"]

[node name="CollisionShape3D" type="CollisionShape3D" parent="rig/rightHandBone/Area3D"]
transform = Transform3D(0.958042, 0.316175, 0.0981437, -0.273554, 1.14487, 0.130298, -0.0576938, -0.178079, 1.01194, 0.787897, 0.697754, 0.544817)
shape = SubResource("3")

[node name="leftFootBone" type="BoneAttachment3D" parent="rig"]
transform = Transform3D(0.997419, 0.0540267, -0.0472829, -0.000229578, -0.656174, -0.754607, -0.0717955, 0.752671, -0.654469, 2.10209, 1.68383, 0.148321)
bone_name = "orgfoot_l"

[node name="Area3D" type="Area3D" parent="rig/leftFootBone"]

[node name="CollisionShape3D" type="CollisionShape3D" parent="rig/leftFootBone/Area3D"]
transform = Transform3D(1.29786, 0.0516706, 0.0535351, -0.0494394, 2.24935, 0.910417, -0.022952, -1.92337, 1.06615, 0.125766, 1.44853, -0.211609)
shape = SubResource("4")

[node name="rightFootBone" type="BoneAttachment3D" parent="rig"]
transform = Transform3D(0.997419, -0.0540267, 0.0472829, 0.000229578, -0.656174, -0.754607, 0.0717955, 0.752671, -0.654469, -2.10209, 1.68383, 0.148321)
bone_name = "orgfoot_r"

[node name="Area3D" type="Area3D" parent="rig/rightFootBone"]

[node name="CollisionShape3D" type="CollisionShape3D" parent="rig/rightFootBone/Area3D"]
transform = Transform3D(1.29786, 0.0516706, 0.0535351, -0.0494394, 2.24935, 0.910417, -0.022952, -1.92337, 1.06615, 0.125766, 1.44853, -0.211609)
shape = SubResource("4")

[node name="leftUpperArmBone" type="BoneAttachment3D" parent="rig"]
transform = Transform3D(-0.94525, 0.325709, -0.0204206, -0.316894, -0.931017, -0.181073, -0.0779902, -0.164687, 0.983258, 4.646, 17.5613, -0.220963)
bone_name = "mchupper_arm_tweak_l_1"

[node name="Area3D" type="Area3D" parent="rig/leftUpperArmBone"]

[node name="CollisionShape3D" type="CollisionShape3D" parent="rig/leftUpperArmBone/Area3D"]
transform = Transform3D(0.909955, 0.0907455, 0.40465, -0.0486588, 0.992391, -0.113129, -0.411835, 0.0832537, 0.907448, -0.0507603, 0.21701, 0.16427)
shape = SubResource("5")

[node name="rightUpperArmBone" type="BoneAttachment3D" parent="rig"]
transform = Transform3D(-0.94525, -0.325709, 0.0204207, 0.316894, -0.931017, -0.181073, 0.0779902, -0.164687, 0.983258, -4.646, 17.5613, -0.220964)
bone_name = "mchupper_arm_tweak_r_1"

[node name="Area3D" type="Area3D" parent="rig/rightUpperArmBone"]

[node name="CollisionShape3D" type="CollisionShape3D" parent="rig/rightUpperArmBone/Area3D"]
transform = Transform3D(0.931572, -0.108398, 0.0507618, 0.0390254, 2.90058, -0.150678, -0.0338108, 0.361351, 1.22473, 0.206669, 0.118192, 0.169799)
shape = SubResource("4")

[node name="leftThighBone" type="BoneAttachment3D" parent="rig"]
transform = Transform3D(0.990725, 0.0366457, -0.130849, 0.000992987, -0.964875, -0.262705, -0.135881, 0.260139, -0.955962, 2.24254, 9.37143, 1.22849)
bone_name = "thigh_tweak_l_1"

[node name="Area3D" type="Area3D" parent="rig/leftThighBone"]

[node name="CollisionShape3D" type="CollisionShape3D" parent="rig/leftThighBone/Area3D"]
transform = Transform3D(0.931794, 0.0901062, -0.0500569, -0.0311786, 2.91712, -0.080788, 0.0358329, 0.195056, 1.23135, -0.0715547, 0.223904, 0.07096)
shape = SubResource("6")

[node name="rightThighBone" type="BoneAttachment3D" parent="rig"]
transform = Transform3D(0.990725, -0.0366458, 0.130849, -0.000992991, -0.964875, -0.262705, 0.135881, 0.260139, -0.955961, -2.24254, 9.37143, 1.22849)
bone_name = "thigh_tweak_r_1"

[node name="Area3D" type="Area3D" parent="rig/rightThighBone"]

[node name="CollisionShape3D" type="CollisionShape3D" parent="rig/rightThighBone/Area3D"]
transform = Transform3D(0.931503, -0.0670381, -0.0640714, 0.0184484, 2.91912, -0.0745321, 0.0495956, 0.17324, 1.2311, 0.145949, 0.215697, 0.0996413)
shape = SubResource("6")

[node name="Timer" type="Timer" parent="."]

[node name="CollisionShape3D" type="CollisionShape3D" parent="."]
transform = Transform3D(5, 0, 0, 0, 15, 0, 0, 0, 3, 0, 15.0047, 0.313153)
shape = SubResource("7")
